1
4
7
13
25
31
35
41
44
65
67
70
91
93
101
103
106
107
111
118
119
126
128
132
133
134
139
143
144
148
153
157
164
181
182
189
200
201
205
221
224
226
231
233
234
235
237
243
251
273
294
299
309
311
313
329
337
347
348
360
375
376
394
403
404
410
415
420
443
444
447
454
455
457
462
475
496
503
509
520
532
537
538
546
547
560
569
595
612
617
631
637
639
655
658
663
664
665
668
672
687
691
694
724
727
728
753
783
832
843
848
849
852
862
874
893
898
911
917
918
923
940
946
997
998
1000
1002
1003
1006
1008
1009
1026
1035
1040
1041
1045
1057
1079
1097
1113
1114
1124
1125
1144
1176
1181
1184
1187
1192
1211
1218
1220
1221
1229
1234
1235
1236
1238
1245
1247
1264
1275
1282
1316
1317
1329
1337
1339
1340
1343
1346
1361
1365
1370
1381
1382
1386
1387
1401
1403
1415
1418
1419
1493
1506
1507
1510
1513
1522
1523
1524
1527
1536
1557
1558
1568
1569
1574
1580
1627
1628
1644
1648
1649
1651
1665
1670
1690
1695
1702
1720
1731
1732
1733
1736
1747
1763
1764
1765
1767
1769
1771
1773
1779
1780
1782
1783
1787
1791
1792
1797
1798
1801
1802
1803
1817
1823
1824
